Rouge-L-P: 0.7112313741886928
Rouge-L-R: 0.6930126310495374
Rouge-L-F: 0.6930126310495374
Rouge-4-P: 0.32584752964279673
Rouge-4-R: 0.32137511100490707
Rouge-4-F: 0.32137511100490707
Rouge-3-P: 0.39976444292105257
Rouge-3-R: 0.39263894428688617
Rouge-3-F: 0.39263894428688617
Rouge-2-P: 0.5066806633174613
Rouge-2-R: 0.4960449286691535
Rouge-2-F: 0.4960449286691535
Rouge-1-P: 0.7208678815319
Rouge-1-R: 0.7022527683160874
Rouge-1-F: 0.7022527683160874
